2532.90 2053.10 2865.30 2201.40	2210.90
0.32 0.32 0.34 0.32 0.34
0.02 0.02 0.02 0.02 0.02
0.14 0.15 0.15 0.15 0.15
0.01 0.01 0.01 0.01 0.01
0.00 0.00 0.00 0.00 0.00
0.00 0.00 0.00 0.00 0.00
10.12 10.12 10.13 10.13	10.14
3583.40 2527.80 4178.60 3816.70	3818.00
0.32 0.32 0.34 0.32 0.34
0.02 0.02 0.02 0.02 0.02
0.14 0.15 0.15 0.15 0.15
0.01 0.01 0.01 0.01 0.01
0.00 0.00 0.00 0.00 0.00
0.00 0.00 0.00 0.00 0.00
26.70 26.70 27.76 28.89 30.02
37524.30 35818.90 39525.80 43980.40 44000.00
6.83 5.82 7.64 7.58 8.29
0.02 0.02 0.02 0.02 0.02
4.83 4.00 4.02 4.18 4.17
0.01 0.01 0.01 0.01 0.01
46.8 46.8 33.2 33.8 33.9
0.00 0.00 0.00 0.00 0.00
223.78 223.78 248.33 224.05 228.66
8450.10 10078.10 5910.80 10514.10 10514.20
10.84 10.54 11.37 11.27 11.11
16.47 17.21 16.11 17.04 15.78
0.14 2.82 2.85 2.85 2.89
3.51 3.51 3.51 3.51 3.51
99.6 99.6 99.5 99.6 99.6
98.7 98.80 98.9 98.9 98.9
352.36 358.86 380.82 372.30 370.44
