38826.20 50309.20 46646.80 64559.90 63668.2
1.77 1.84 2.78 2.78 3.63
7.63 10.58 13.13 13.93 14.18
1.60 1.66 1.88 1.93 2.15
4.34 4.89 5.30 5.38 5.56
17.9 17.9 21.7 26.0 26.1
84.7 87.10 89.3 90.8 91.2
454.30 454.30 536.85 646.35 768.17
50800.00 36813.40 36222.30 44735.70 44735.10
2.70 2.81 3.04 2.95 2.93
2.30 1.31 0.88 1.60 1.24
1.52 1.54 1.56 1.61 1.55
1.31 0.84 0.77 1.10 0.90
26.1 26.1 26.1 26.1 26.1
73.9 73.90 73.9 73.9 73.9
640.55 640.65 643.84 693.11 634.41
1746.40 1484.00 2796.60 1846.10 1849.00
0.32 0.32 0.34 0.32 0.34
0.02 0.02 0.02 0.02 0.02
0.14 0.15 0.15 0.15 0.15
0.01 0.01 0.01 0.01 0.01
0.00 0.00 0.00 0.00 0.00
0.00 0.00 0.00 0.00 0.00
14.31 14.51 15.93 16.43	16.90
10777.60 9699.40 12632.60 8213.20 9213.10
0.32 0.32 0.34 0.32 0.34
0.02 0.02 0.02 0.02 0.02
0.14 0.15 0.15 0.15 0.15
0.01 0.01 0.01 0.01 0.01
0.00 0.00 0.00 0.00 0.00
0.00 0.00 0.00 0.00 0.00
18.22 18.22 19.89 21.24 22.62
