29913.10 17185.40 22624.00 23176.50 24456.00
14.42 12.89 10.91 13.03 11.57
0.02 0.02 0.02 0.02 0.02
4.75 4.10 3.63 4.36 3.81
0.01 0.01 0.01 0.01 0.01
97.5 97.5 97.1 96.8 96.9
0.00 0.00 0.00 0.00 0.00
500.20 516.24 554.73 598.79 634.13
31423.30 24120.60 36124.30 27332.90 28567.10
0.32 0.32 0.34 0.32 0.34
0.02 0.02 0.02 0.02 0.02
0.14 0.15 0.15 0.15 0.15
0.01 0.01 0.01 0.01 0.01
0.00 0.00 0.00 0.00 0.00
0.00 0.00 0.00 0.00 0.00
15.33 16.90 17.20 17.90 18.46
51630.40 35349.60 48984.10 37497.90 38567.00
4.74 4.01 4.56 4.78 4.86
0.05 0.06 0.06 0.03 0.04
2.57 2.54 2.49 2.45 2.28
0.04 0.05 0.03 0.03 0.04
7.1 7.1 4.9 4.9	5.0
0.00 1.00 2.7 2.9 3.0
164.5 167.25 172.60 180.10 186.45
29377.50 38967.50 29590.40 34042.70 34345.00
3.10 7.20 7.34 5.51 6.38
4.10 4.79 5.38 5.08 4.05
2.83 3.32 3.30 3.13 3.27
2.10 2.17 2.21 2.01 2.19
56.7 56.7 61.1 62.4 63.0
92.1 93.20 94.2 94.6 94.9
300.02 337.54 365.33 342.74 357.81
