49610.60 52213.40 46492.70 61638.60 61638.90
11.99 14.03 14.41 14.63 12.22
30.00 30.29 30.30 30.25 25.22
5.66 5.96 5.86 5.98 5.87
9.64 9.73 9.73 9.84 9.85
79.0 79.0 80.4 83.1 84.0
98.1 98.10 98.1 98.4 98.5
911.15 962.13 1000.69 1018.78 1061.54
22739.10 20316.80 15071.40 20263.60 20263.90
0.32 0.32 0.34 0.32 0.34
0.88 0.87 0.84 0.84 0.66
0.14 0.15 0.15 0.15 0.15
0.38 0.37 0.36 0.35 0.35
0.00 0.00 0.00 0.00 0.00
57.5 85.80 57.6 57.7 57.9
62.93 65.46 7.13 69.46 73.02
27106.50 31568.90 26994.90 29572.20 29572.50
13.05 14.85 14.96 15.31 14.71
0.87 0.88 0.91 0.95 0.95
4.94 5.43 5.44 5.51 5.39
0.32 0.32 0.32 0.33 0.34
48.2 48.2 48.2 48.2 48.2
95.9 95.90 95.9 96.0 96.1
566.03 570.60 589.61 607.37 627.47
18482.70 21235.50 21294.70 20119.60 20119.60
6.16 6.03 6.61 6.72 6.02
0.02 0.02 0.02 0.02 0.02
3.70 3.37 3.78 3.80 3.81
0.11 0.01 0.01 0.01 0.01
31.7 31.7 34.2 35.3 35.6
0.00 0.00 0.00 0.00 0.00
139.91 159.91 179.92 182.41 187.27
