20919.50 23483.60 18894.50 23032.80 23032.90
0.32 0.32 0.34 0.32 0.34
7.21 9.32 8.95 8.92 9.87
0.14 0.15 0.15 0.15 0.15
2.48 2.94 3.06 2.81 3.32
0.00 0.00 0.00 0.00 0.00
99.6 98.10 99.2 99.2 99.3
496.21 490.89 489.60 514.79 528.96
2937.00 2602.10 2603.80	2605.00 2650.00
0.32 0.32 0.34 0.32 0.34
0.02 0.02 0.02 0.02 0.02
0.14 0.15 0.15 0.15 0.15
0.01 0.01 0.01 0.01 0.01
0.00 0.00 0.00 0.00 0.00
0.00 0.00 0.00 0.00 0.00
3.99 5.52 5.64 5.83 5.90
35702.10 31886.00 22183.30 19710.30 19710.60
5.79 6.89 4.40 5.54 5.84
0.02 0.02 0.02 0.02 0.02
1.91 1.90 1.49 1.73 1.83
0.01 0.01 0.01 0.01 0.01
92.8 92.8 93.7 92.2 92.5
0.00 0.00 0.00 0.00 0.00
33.54 366.72 325.60 349.88 367.17
6981.10 5799.10 5996.10 6302.30 6302.50
0.32 0.32 0.34 0.32 0.34
0.02 0.02 0.02 0.02 0.02
0.14 0.15 0.15 0.15 0.15
0.01 0.01 0.01 0.01 0.01
0.00 0.00 0.00 0.00 0.00
0.00 0.00 0.00 0.00 0.00
36.14 36.74 38.53 41.4 42.0
