11207.90 9601.30 9651.10 9630.90 9659.00
0.32 0.32 0.34 0.32 0.34
0.45 0.41 0.42 0.46 0.35
0.14 0.15 0.15 0.15 0.15
0.29 0.29 0.29 0.29 0.29
0.00 0.00 0.00 0.00 0.00
30.0 28.70 28.3 28.4 28.9
89.48 89.48 88.19 92.72 78.91
11447.90 18345.50 16076.00 14504.60 15435.30
1.11 3.42 3.03 2.74 3.32
0.16 0.34 0.27 0.36 0.33
0.72 1.47 1.41 1.26 1.50
0.10 0.18 0.16 0.17 0.17
2.3 2.3	3.2 6.4 4.5
91.5 89.10 89.1 96.0 94.5
158.42 158.42 168.16 182.12 197.65
39156.70 34577.80 27868.30 35933.10 35666.43
4.19 4.04 3.28 3.76 3.66
0.28 0.19 0.17 0.23 0.22
1.54 1.42 1.28 1.34 1.30
0.26 0.23 0.23 0.21 0.20
75.2 75.2 75.2 72.2 75.2
56.7 86.70 55.9 55.1 55.6
432.11 432.11 442.62 484.36 506.36
44153.20 42133.60 30511.70 35749.70 35738.80
0.52 0.56 0.53 0.51 0.56
0.02 0.02 0.02 0.02 0.02
0.21 0.21 0.20 0.20 0.20
0.01 0.01 0.01 0.01 0.01
72.3 70.60 100.0 74.5 75.0
0.00 0.00 0.00 0.00 0.00
199.71 199.71 202.46 199.72 199.23
