4018.30 3738.90 3281.30	3218.00 3217.00
0.32 0.32 0.34 0.32 0.34
0.02 0.02 0.02 0.02 0.02
0.14 0.15 0.15 0.15 0.15
0.01 0.01 0.01 0.01 0.01
0.00 0.00 0.00 0.00 0.00
0.00 0.00 0.00 0.00 0.00
10.14 10.14 9.68 11.01 11.20
28689.70 10515.50 15057.20 30014.100 25000.00
1.50 1.76 1.50 1.62 1.64
4.02 4.10 3.14 3.65 3.22
0.81 0.84 0.70 0.79 0.79
1.27 1.35 1.02 1.44 1.15
63.3 63.3 61.5 61.4 62.0
89.8 98.0 90.8 90.8 90.6
513.79 513.79 467.77 600.15 650.2
12049.50 8733.50 6437.50 9021.90 9023.40
3.47 3.76 3.98 4.00 4.01
11.63 12.68 11.12 11.80 11.86
1.25 1.24 1.22 1.23 1.29
2.52 2.52 2.50 2.50 2.59
99.9 99.9 99.9 99.5 99.2
99.4 99.40 99.5 99.5 99.5
297.23 297.20 295.45 304.50 304.29
15864.40 14032.40 13575.90 11641.60 12433.00
0.32 0.32 0.34 0.32 0.34
0.55 0.60 0.54 0.54 0.72
0.14 0.15 0.15 0.15 0.15
0.36 0.36 0.36 0.36 0.40
0.00 0.00 0.00 0.00 0.00
20.2 20.60 20.2 21.6 20.9
70.92 70.92 77.65 88.02	83.40
